ids
O28GGT
BZGLIO
ACCZA8
IQ0IUX
NRV5XH
YHYU85
4GC7KI
GK4E07
Y78KD5
I0PWP4
GFV654
Q0UB2C
TKCDLW
LIXQP9
MDR9BC
CZBR14
5HMR69
IWDT1O
DT6VJ9
UXKV0C
AHBI71
A03EVP
RWNLL4
87IQL6
WY6RW7
GFZMB0
E5IY2T
5ROYVP
AXXYP7
XRPI7G
C1PM74
YWYPKG
YF3S3W
3X1HPN
EECTI3
P6T3SI
9N9QK0
FW0F2M
KNDGX7
44BOBV
DQE0YJ
ZPJ42S
57A8EZ
53RBO2
M61FBH
U57EH5
6HWN0L
LVO24N
2CU7ZY
NPNSMB
KUOEHI
5J27IG
GN0JLK
VAQUUW
MW0997
977RFO
1WI931
V8AX7D
5B9ZWW
C63MPA
WLDBC7
YQUDX3
QSLI7R
D5YM4U
C1GCCP
JBSLYH
7GQ12I
OTTBPN
XRR9AO
441AMF
0QE4HE
1TP36D
B0Q8HD
KRCW8S
FW19EW
GS6CUU
V6F4HW
F5UJO8
TSKTRS
OHM5TX
E1JA1M
W98HB9
SR8AMU
2J0KMN
FWOZZ1
79NM8W
R62YIH
JO775E
1DP728
3S2QUU
CGNPSR
2WGCQ4
F8AXZB
SCAC39
K21HIL
L3JFGX
076RR7
0XP18U
K3Y8SF
C7VZ1P
1KHY22
XD3RJR
KCN0O2
Q17KVU
6A83R9
OIG46P
RJ68SQ
HV470A
QOBUDT
4Q2CW1
9DCTS6
E8ZL10
I5JXN2
Q6WMCP
RS2LS4
5BWLHZ
JG0ZNV
Q9UMCP
9V5YRV
H2SYCW
BLC0AB
ON3JN9
4FDUMZ
9POY01
WQP5SZ
GLTV85
2IM33L
CX8B8Z
GL1TP3
HH4SN3
I1A9KN
0EXTDF
UAAXGA
ATVFN8
MOY444
WVKC41
8X86PU
3F8KRI
ZNUJF6
XZIW0R
LD90VH
TY86C7
RNUTKT
X02ZTY
5N8NVC
LPM95G
RXGU9A
D53MT3
QQCUFC
UY1BJR
G8PHEQ
PO1WPB
G9MEIU
80EZ16
JUE9XP
D4QODF
WK3X1N
KCU00Z
S94SF3
15315A
EWJZUQ
6RRVHD
GK5YRO
6XRI79
YGGLTY
83UOI4
FOCDWK
IVAP1S
ZAM4CF
JO668C
W4TWYR
6YEMS7
1FDE11
1IW0BC
JEEPNH
YP57PI
SRCHJD
ESIFIY
TCMDOV
2RKT5S
MIXR0N
351KDW
T4QMX8
8YUCG1
3O5BN8
2SXGGE
Z164JF
EZFVK2
5KKUR9
KX1MEO
9DHV36
V2QCMM
6HY4WV
V4RJXI
JFIPHC
SG1QXY
FXTWCC
3878J3
WJO6G8
OKXLHO
5HTX6B
DRL0Q0
IM9QCP
K9SJDH
4RCM4K
MGE8J5
AC6WUN
JYUHNW
F2UYER
SEXNZ1
ON5X9M
PD5IIL
S52U06
CTDP09
LT43X7
ZQP63V
27X6PE
SRZ3M2
4A1T2F
044LNX
HYZPDJ
1QZ2W9
XNX4EY
N48AJL
MBA3G1
N2QWMH
H64R06
C8VH2B
CK9HO2
CBDXF8
RW0OBO
DLLU5A
060QD5
XCBKCU
D7HUQY
6QTA3U
POWC1S
VAUKLY
W7U1PX
DZOE3P
9IQHUM
1OPSYF
05Q82K
YRP9CS
12XHSD
WFYTEI
S125EQ
F52JRQ
64BEDG
XZ09WS
8WZ6O0
Z44WBC
MNINPL
GIDQ3P
OM4DSK
52CYZO
64HU13
L9XE0P
A3OMCL
XAOIF7
7DCAIU
FXOBWD
BH5JHL
TZ4VKU
5GSHTS
2HX0YG
RBO7EP
RDID72
84F947
3YMALU
CIQASJ
X2T4P3
Z97X98
1APHBF
IV14ZY
XSVZ0D
25VIKL
WR3RI0
8IZ91I
P0VQY5
CCO57P
8I8QZD
YBG3FA
4GUYLW
U44279
PEYQ9Z
E645PU
GCV6BV
VZZ5X0
V1Y3TI
QMID7A
JHLPNI
GZPA2P
Y88BKL
7HM2Z5
MGYISU
PF2PVP
A9T8L1
7260I3
KZB7TJ
8Y0C7C
HOELKU
862X02
AYQ9SS
FFQT8C
2ZMJ6C
JQVZPQ
4QRT8U
0G42R2
EKH1SZ
Q9CLCO
DIM0LG
DP41R5
3ZQXA0
I8ZPED
W2R5X5
D4GTQL
A0EAZU
LGZY7B
W563OR
Z1ZUKT
92ACPX
YCYRIP
E6PNFC
H8JAWI
AEN29Z
OAKKH9
FX2FHX
R82ATM
3FXNZN
TSCBBV
X44PQ5
WTHUBT
5ZT0CB
82XDE7
URUECE
FS7SX2
TDPL7X
8BSFWL
X7HXNW
OF2VT0
8IFANT
781QLG
PRX1CQ
CLSGLL
65TXXV
GP26P6
E49GSM
HDXW1X
XYSPRG
8QIMJ5
NZONFW
91Q9SR
QA2ILS
H8AW3E
R3NH2K
30A856
RYX2EQ
2XAPQR
4Q2UCP
QL33GN
MBEFPX
G3KBTC
45L4SM
PZ3Q4L
17XI12
42T6IC
2PE13K
EA7JK1
MOBVBC
0SAV1E
QW5QOG
9NDZE0
0JNPQD
Y9ZFF4
UFQ889
5ELD9X
ZBPAOV
8UX0VW
VP0VFU
IP8H1X
LEJMCZ
9RZQQA
BDO7UO
0H0UEO
59HPT0
DD0S7M
1O4PQQ
RK4B9J
3BVQ5K
B3NVV7
K3U619
WAX07E
240WDP
66KGAG
ABL1XK
DR8QBE
JV9CKB
TCY2WB
2N7AAS
UZT4UI
WL5QMO
JFYWNC
Q9HDRK
PY8O8H
QCRR2U
A2T0EB
1CVKUB
9FVNAB
UB8Z93
8X9K47
3VW5DX
HVMXGZ
041TBE
AUS4QO
R1YH7D
9GDD81
1CRUML
7WSTN9
J36NU6
ENAEBK
NS21FF
12LRY4
BN9TJU
CIFCOK
5YNHMI
K7B4YU
UXJNF3
V9DW1U
33C7QB
324OWU
DPDDIH
YHYNSO
7YL6PC
K3O76W
FONBA3
MAPI47
QWZALP
1W2PF7
MI04P7
B5E83E
BFU9IQ
40XBN0
DU2WPI
SVFSTR
V5Q7TK
GN2C38
1II4O1
IJHFLE
S7YXP1
JR9M37
CS9NKS
9V3PYJ
NF43PR
C6X24T
PRWVE9
KY09Q0
358FH8
NCLHA4
LG3953
8XZHVY
Y306WQ
G8OILS
XE2OE0
6JL6T4
Q2YYWV
C6A7QX
XSWHMR
KYWZ7N
1X44WK
GJA732
CC84OF
3DZMDA
DZNW4O
GHAK2H
I3YNQD
MHZPD7
N9EBBW
IXE6FD
0BY2WC
DI9VHW
KVOZ3Z
BI1LF1
MVBJCZ
4E3WHI
6J4TDI
UP5NLN
8JWL2R
SZ6B14
RT1MH6
J6LXGV
5KHGBC
VVWVL2
I5V6FG
14ROMS
DE64UM
KP3296
C6VEGY
ZOPAB1
56NZY5
CQHJYG
AYKH8N
IBWGZR
4RHYNC
J8HRXY
6HR9PB
P6KMYH
TPHN9K
18DRG6
25R4NC
SWED10
CR8EEM
RSVM45
4WDZ33
V9VV92
230X46
076E39
RRYC5G
LYLO05
1U4IIK
CSDYMY
IHO22M
YLJMI6
NG3F32
YR9ZMN
GR7J04
73J79E
VU6JZQ
0BTWTU
CC7PCK
S7Y4LV
EDRQ3M
FS3Q7Z
5AOUDD
36GCVQ
E2R5DE
4M73SR
T5JOFW
BADOD1
NIJVMQ
G3AVG8
Z97W6J
XI99CY
WG3MIE
ZFQJC2
M2KL4C
1PTL8P
POLN6G
Z6HQ86
VL6WIU
P6Q1DM
KAS7YA
0NH2US
IJ7Y34
NB12D6
4YLW9F
KTORVI
SOR5YF
UVMZW6
PEWWN4
JQ4EM9
LL69UU
YUP9II
7FJAEN
XFSM07
VO6ZUP
C47NOC
QDI5NN
N9NIRT
09SYAD
UN8POU
9JRUMW
S25BL7
CUBAED
WH0SON
C4ZXA5
IS0BBB
49KEEG
92G32D
U94AEF
X06Q8D
R6K3NN
WEN1XS
EAAWYL
5GA790
JUB7FE
78G3HG
AFAJX4
IR5PYM
SIYCM3
T80KD0
GNI36Z
ST5FL8
FCT7AL
UZSX6M
MWA129
ICU1EW
VYFZK3
PNWQNL
KPLHVT
R33C81
PP167U
EU9KM9
VCRZYZ
8X66JZ
YDMRLA
3G9IIA
H4L317
BD55NO
96BBH5
2SUU9Z
FQNB8S
W0VY5N
3NORRT
SS2YJC
RL4CU9
3GEHAJ
BZJUA9
TY9RQP
095TGF
7QIPLL
C8B97R
V31M3H
0G40QY
1WIEX7
ORR36N
C46LR1
3B69PM
RVL51L
PBE0AM
3TIC7R
DL2TVM
GFW2ZB
6V7URD
MLAQOE
UUSK1R
HA85FC
I2AZ06
IVQCQF
V0W6H3
0ADZ9W
6VI2SP
EQUPR3
9L5AED
0BNT80
CUS8AY
NSWIXS
WA6WVA
X84YOA
O8V5M0
AB30SM
OYU03J
MQE7WO
EXKA0S
0PGPQI
4K1WWL
ONMHZ9
1UO67G
HM3UR6
BXC5ED
4KZGQ0
77KZ24
Y6ONRQ
UI7IAB
U6G9EA
6O5XSO
9L3R3Z
5Z0WT4
ALENQG
5MEDFG
L22NHO
Y2341P
KXS4XL
HC0YJT
6H23C1
HZAOA9
D2S095
FOBM63
YDSA7B
GJZDV3
3TW6A4
BRDCAH
EPOZCL
UN55Y5
7T1EW9
9XFBEC
GQXBVP
TX471Q
NI9HZM
JE6TPO
K69O9W
68WFIM
0N8BAD
XHEXMH
O6UEIJ
0ZWSZ8
CRV6NM
F3BIKI
D3W5XD
ECASJF
KSLTLQ
8OJLTE
QRR3UD
H9R5ET
IKOYGG
102L0Q
8BFDLM
7PDYTH
Z7C1RY
VMRH2A
33D7WG
ZKE8K8
LBUYMZ
SFEXGH
RE4R44
QSLHWU
VZ1HSX
0FOSYI
N3Y2KI
4PYLXP
4WGNXP
F4VPIA
6RCIRZ
NFEH33
CF5CCT
ERHR9W
PW2VO3
LBZ8RU
TGHEU1
N6ABEV
R8W40L
YK4KTZ
OVP1B8
8DSIE3
QMHR2R
NZVDDR
ZCOWT3
C7QMT0
7JL9A8
TB92G3
K927KP
7Z7GKO
MXJL5L
GLAXRC
5FLAAX
O1CIFK
DD695Q
3ZCP47
FGWP0G
V0PJCH
WGQLMQ
SAFUNF
T0WOJK
W60HWI
77P2UY
BAC2AF
VKVU2T
M4JRAD
HLKGA8
13U76N
EN4YQF
W1MGA1
53LSPJ
29SP4J
9NM2L9
KF4NTZ
YLVP2C
1NZVNI
PI0507
FIRT80
Y73L92
ZGF2TZ
Q56L5Y
8JXALH
BMYQJ8
2HR2D6
3YQJKU
71DB6K
VP0FVG
UPJH6E
O7OR68
VQOHN8
AJDRVO
KUKFI7
PMFI0E
47BUD0
5C8YU7
EXKYV3
4GXFV7
A3V1AB
9PSYMF
O7WBI8
837JQB
UL2SLU
52QJ8T
SKUKQM
KBUB4R
TQL2XJ
T6L2KV
ZTEAKC
O5T4QM
IJ9RIQ
0NJHZQ
6EMA2B
TJOQL0
A2OHO4
R1OH6S
9UJ390
G09OD4
H7MAH4
TVDP1V
JHKBUS
SI530O
WVJA1U
IKQ5K4
J1HADE
32TQTC
ZZZ0GT
CVGXKN
U662KB
DTB52I
9TQ5LO
L9W4DY
JKL0FM
PQAGZV
96WVGA
V450BO
3VR4J8
VC79VM
72MI1G
VQWLBO
ZNOAXG
7IO1HN
UHWFXI
I41NZ6
MAB2WB
W962OR
TEFESP
D0KAO8
HRJ17G
WUI1K8
0F8CWZ
FFJ254
GL2HQM
JBX7S9
BX3ID6
79TU33
J5WAE9
Y70TO1
0WTQ18
M3BPGH
X125VU
5E3CK4
ZTMEE9
5BD3LR
2ZFY63
H3T1XO
T0CVMT
U2QO1M
D1PA67
FVKKZK
FIJHAT
MTO35S
JIC6MG
WZ554S
Q6L8XX
23US2I
XIUR3F
LEAMKB
SW77KE
QST4AD
50RMLG
6JNHVP
S0BWPT
LXNA8E
RVXGH3
SB9IHO
LIOYDE
0WTJZ8
ZUEQ42
AD16DN
PHFY8S
YZNYKU
20QL99
GVZ75T
3260HM
BJBLCD
6Z6DXI
UFQMN8
DIC3QA
QU8NPA
KRX6Y7
Z4YJNP
8YMIHS
TDFXX1
MGV14C
8ROCZF
T8NV0Q
V0OVZI
LC19QE
ZESFPG
FABQ6B
R32WTS
WSZWZR
LTLPN2
BKW9NF
94PQ2T
75VMH6
ADCTLD
D2SMW1
3AIJA3
RSOZBL
922BM8
O5K7HH
4SAQ1J
F4L77Y
J9BL4S
S0BPRS
QL2WLD
ZWBG7Z
Z8Z2GE
DEGFBM
Y8VHIH
AMVPX0
E6DUQI
NNY3QI
1RTY62
VGXPMH
LV9V1E
4D6UBX
E4AEOK
LBL5OF
P9AFWO
OH7EH2
2Y6LU0
J85PT8
VCXA2G
WDKOM8
PCEGAJ
LC7N5Q
WUW1GT
U3QWTG
OL56PY
L6SISK
KHNNOK
VQGN83
03PX3F
RFNMSP
2Z41C0
PADZ9T
WS1TS2
7XFHLX
R1P1FA
VF6S0N
TDY8GB
M25Q22
2DRVCT
TG2AQ4
6YILX5
RVTUOX
0GM09D
XO4VOF
GGLWDN
4UPXNU
XSTOE4
FNGZRE
7U2BHB
X8BGBT
WJC86G
5XBA67
U64T09
Q6B4XS
IIYN8U
K7F2ZV
J0P3XG
15OYNM
E5CC21
GNX0G3
557PGA
GKLMVM
AQPHLG
GOT1Q8
X4KEW6
AEWB71
B1IVX4
20G2RE
O38KBY
BHG1C2
384PA2
4FIFGG
QQH33L
D30MET
5T4WJF
IHW3M2
Y7ZAOQ
A9L9CD
0MMPBY
WLI5X9
UKTX4G
D8V6OI
XAR3NP
X1F9P2
RL9VZ9
BVZY8O
C50M45
AEB0B5
R5B5GR
I0E2GW
UM90XT
W5JY3X
Z8CP0R
6J8D8Q
ENWVHE
8VMO9L
Q9DQK3
16YELX
1XDD8H
N36HNB
ZK7HUS
2UVBUF
AA3GLI
ZABSDC
XRJ0H5
TH74S1
2I1YL0
2Q88S4
OIWOM7
GQU4SE
U6BBKL
WU3ZRK
R3PMFJ
MBK3PM
IL1Y5J
W35A8M
8KXOTH
EXQWL2
68T7VW
5HQ6Q1
80KPO7
Z1DLJQ
Q8C69R
JZYOEQ
7WNY4G
IHTNW5
0YRCG4
MFLM2O
SGEEQL
2HUY2I
XUO6MV
Q51CZT
V523JX
BYHVG9
6AMLZ8
LMPJN0
Y2QSGT
FL3DVS
3C3XSZ
HUIYGC
VJBA07
9HB3UE
WQ7RJM
4ZPI0W
C6X8WX
5YCYNE
FIC3YO
NJ9442
9VZQ6F
0069AH
XMPG42
R6Y8LP
6N2N46
U6PUPR
3U0OM4
VH42ZZ
6GBKL1
FO58J1
K3G01K
WROXGU
IYYFJQ
16POZQ
52LN24
O294S1
JYPWGM
E3JLKC
1DYOFK
118RK2
50LRI4
FWMII2
KVZQK0
FBP4YE
PVLRKN
RID2U5
JELOYM
3LPWSP
7M61H8
BRL878
1DUR00
LYIUL9
0WQ456
HT4X71
HWLZKP
Q9Q06N
CLSZJC
6YU9NK
6BPW2O
JGQ590
Y67VYA
07DBZD
GY5LZF
9WO7LI
Q2DKB6
E1MAAG
0ZG8I4
P744X1
ZH4JWZ
GBUSE0
RQRG8N
H69EMW
LXU75A
92X34E
AM9U0S
BWRWC9
FLO8WI
Y3NPKA
GPYLA9
D16FDQ
2S0E5L
ZYAM5P
7V8SM7
69EIMX
AP1P22
ZHWFHK
UUNSCA
TX2024
9158EG
A76MNW
JODF2Q
OV9JPS
S6JUIH
DM3NAU
UBT2B9
JAPN5M
TYU8HO
XJFFJ5
SPCHYI
95HSEC
G1BBNB
P1MXGZ
1J1IS9
VELH3W
XHY015
58P6HY
JM3CN4
RFOB1Z
B62DMQ
Y0LPNC
ODLPXI
9SLAQB
04DT43
D9H6PO
YAU95H
564025
JVOX3F
WDQE5D
E9W7KQ
XG3ZQJ
P5SI4F
FUHXQG
33MG0O
A39C6E
RRW5P0
8MBD9S
YL3OEP
R9REY0
BNC0GU
YO5UIV
KQRR1I
M4YMWB
ETGDV4
885T41
4ERJJ6
D86RVG
FS9LW8
5ADUX1
8M008Q
KSLLON
5HSVZA
QJLYCF
ZGUTHR
SMD87Z
19H2RP
EYY4NU
2XUWNM
9CD6NT
97090T
8DIQ1H
YS1VGV
BLESPI
84QHWJ
MX30JB
LMGOVW
K0H5DN
RSJ154
VZ4LZ6
5IAON7
0WGXZ9
WJOMU6
L3DDHC
DKVPET
YFPDWQ
7W3C87
0IOB07
1VS9QF
A2N0PS
B0A1WL
T5U6O9
M1P60Y
BFRKF9
4C2WM1
C1O37V
FMLQU4
KBCFC4
R1TGJV
AK2C82
9GKWO4
N8AFGT
EX7WKU
SBP251
53AHEJ
7LISLD
2JPT0K
R73GI2
IUSGMR
MPO0RH
6J1GC7
UFCGFE
7R0E9J
1V8EBB
D61T8N
YR5Z4H
REAZ89
NQGQCG
1DVA15
AD6BM2
UHW0R0
ZCV2NM
81PSS5
K2GA2V
FOQW0F
MH1LKA
XYDRBQ
3BHL4P
H9X3CD
5P2SZX
20S3LP
X42K17
IA86WQ
HMRMTM
JNAXDJ
ZQ7HJX
4UTDDB
DFV4BB
SHQ230
XSW7ZG
6ETE8H
OSCCEB
XPN8XD
1H0RUO
TMCG0E
1K2KZZ
9WZFD1
CQ0NED
N8KFU5
MVGF37
Z5IQ4H
JCCUG2
X011KV
O6DJTN
48VWJW
PT071D
53T14O
UUHYY8
C338V4
B9LAHH
ZEGPBW
EKWY4S
KBELH8
2MK53R
XPLZM0
YJWJLV
GFQQWC
K6KTO9
O8HPCU
H6GPEZ
4VDKSS
79DZC0
74V8HT
09818D
MDITAA
CY1GZT
6NJM2L
6CHYB2
C4VN2C
C938XL
O4QSFT
OJI51T
D57J5V
RTUZUK
70OSSL
W1PR17
1Q8GKB
ROD0GH
Q1JTH0
G2X9J4
U06C68
KCFG2F
D3PDQG
TYVAS5
J5HOLR
ZD6MZS
U49GKC
OM2AZD
1U3B6P
KJ5EAO
UCNTO8
MLE1R8
MCSP88
KSA0KZ
NDJYF1
9I4Q4T
SIADUL
I0ANMA
JUELN8
XKODWK
CE1YVD
8QGRSO
WF9J91
AL05L4
EJER1R
UXTZFI
MLBZRG
GYWXMB
RH19CW
9VL3T1
FZL55K
WWAHKO
W5KMKH
AUZSRK
QUWV83
7QBXHQ
GC5YWJ
5ETL5S
2LC96S
JDP5T6
OT4EOH
P3SIHR
F8IJWM
YH5T8X
D70K91
1LZFIK
X192U6
PDBYGZ
IFBMYT
8A5TCS
BO4WGB
MNW2UP
HR9FK4
940ZMY
8I9D3F
LVAJZM
CQR8D5
8UH6BK
U96OA5
6B7AUF
BVIJLZ
NZJKTF
P8B8DQ
SZMC4E
V47PXX
1FM03Z
YG02FL
KAVA2X
G472R9
91TZ3O
8YEXPT
F3TYOB
KRTE3P
NBJO6X
LYY1UT
4LX0H3
10FVW7
18GE64
WLPIH0
6R8SMV
KHJM73
4G9YUJ
UM3PXK
9ZUHRI
0RXFW1
V496TK
KBTRDU
QZEKC7
139POA
2NGRX8
56P4BB
6UQ1ZK
TV7ZJD
A2WYN5
RCVJ0T
Y2W1PH
9VC7UD
K37RQC
CZK9J4
ISH5CD
GW4PYF
BERWJQ
P5OHRJ
YWG2EP
PUZHUT
7HQZXK
TCTTIA
CV18CV
0139FS
7T3RLP
WI3MG7
7LU5RY
Y2WFWH
33PHCF
98W84E
PIEK9M
KBPP70
VXDBV7
PFXON9
2YFUSB
CUKEIZ
UPJI8A
2GC7YO
KW6DCR
XYN360
0LH3B5
PE06N8
ANUBU0
86U7KZ
4TNA69
AQ1QM0
FQPX72
SA2LRK
AJSXK4
4PM9PY
F8O0K0
XR3TA6
WT9FHC
3UEIT2
U3T01H
VSSBXV
ZXFM38
U5WGQX
4X9YKF
IQ2ZXA
01FUWE
9243LW
3RN4NY
TGK0WT
AFJV8Z
VJMEMH
