ids
1FM03Z
0EXTDF
EN4YQF
7T1EW9
OV9JPS
XHY015
QQH33L
D8V6OI
U49GKC
H3T1XO
P5SI4F
95HSEC
PQAGZV
36GCVQ
1V8EBB
Y2WFWH
GN2C38
044LNX
C63MPA
T80KD0
92G32D
CRV6NM
LC7N5Q
4M73SR
LYY1UT
WS1TS2
97090T
NNY3QI
BLC0AB
53RBO2
IP8H1X
A76MNW
59HPT0
R1OH6S
4ZPI0W
XKODWK
JFYWNC
MNINPL
IYYFJQ
YZNYKU
K927KP
R6Y8LP
ONMHZ9
U64T09
NBJO6X
GL1TP3
3RN4NY
7DCAIU
TH74S1
POWC1S
3U0OM4
EU9KM9
2N7AAS
FL3DVS
VCRZYZ
GFV654
C47NOC
P5OHRJ
Y3NPKA
N8AFGT
KHNNOK
9WO88G
IFBMYT
4GC7KI
JHKBUS
BVIJLZ
FOBM63
4WDZ33
VC79VM
Q17KVU
A03EVP
33PHCF
CLSGLL
B1IVX4
PO1WPB
KJ5EAO
7PDYTH
D70K91
I5V6FG
Q9DQK3
RQRG8N
WSZWZR
L9XE0P
HOELKU
YCYRIP
G8PHEQ
TB92G3
N9EBBW
TCMDOV
ON3JN9
YWG2EP
09818D
R33C81
PVLRKN
7LISLD
9DCTS6
OY08GZ
UHW0R0
5ETL5S
JVOX3F
FX2FHX
MGV14C
7QIPLL
WG3MIE
1OPSYF
076RR7
XSVZ0D
KBCFC4
QL33GN
9SLAQB
U94AEF
1IW0BC
LXU75A
U06C68
33MG0O
AEN29Z
4PYLXP
D86RVG
4YLW9F
WWAHKO
6GBKL1
1DVA15
5ZT0CB
BADOD1
9158EG
Q2DKB6
PY8O8H
Y88BKL
3YQJKU
ANUBU0
MDITAA
LT43X7
MWA129
KRX6Y7
3NORRT
7WSTN9
DKVPET
PMFI0E
YS1VGV
PRWVE9
8BSFWL
1NZVNI
2ZMJ6C
ZABSDC
MBK3PM
6EMA2B
D3W5XD
25VIKL
XD3RJR
XZ09WS
D7HUQY
HZAOA9
8DSIE3
HRJ17G
1U3B6P
9NM2L9
U57EH5
9POY01
3TW6A4
922BM8
8YUCG1
Y70TO1
SPCHYI
5FLAAX
U3QWTG
TYU8HO
42T6IC
NJ9442
AUS4QO
MH1LKA
4KZGQ0
50LRI4
QZEKC7
BMYQJ8
ZQP63V
BN9TJU
W1MGA1
5AOUDD
YR9ZMN
BNC0GU
OIG46P
6VI2SP
VJBA07
E4AEOK
W1PR17
XSW7ZG
MQE7WO
V5Q7TK
XFSM07
CR8EEM
OM4DSK
QOBUDT
M1P60Y
P0VQY5
N48AJL
53LSPJ
2YFUSB
J7CY61
B9CQAD
5ELD9X
I0E2GW
WLDBC7
JO668C
AXXYP7
A3OMCL
84QHWJ
LIXQP9
5BWLHZ
LVAJZM
UZT4UI
3UEIT2
ETGDV4
R62YIH
ATVFN8
R3PMFJ
V2QCMM
441AMF
98W84E
X02ZTY
0RXFW1
0LH3B5
1PTL8P
B3NVV7
Z97X98
H69EMW
BWRWC9
49KEEG
D16FDQ
I2AZ06
12LRY4
IHO22M
10FVW7
RRYC5G
8X66JZ
AYKH8N
EA7JK1
AK2C82
R8W40L
FIRT80
Y73L92
J9BL4S
7IO1HN
D35K68
VZ1HSX
X44PQ5
UAAXGA
NDJYF1
BRDCAH
W35A8M
0BY2WC
CBDXF8
3G9IIA
WA6WVA
UXTZFI
4FIFGG
IJ9RIQ
H7MAH4
16POZQ
WF9J91
TDFXX1
WVJA1U
JUELN8
9JRUMW
92ACPX
2J0KMN
F5UJO8
2IM33L
SOR5YF
REAZ89
56P4BB
Y2341P
RNUTKT
GQU4SE
Q6L8XX
C1PM74
81PSS5
JO775E
SWED10
0069AH
KZB7TJ
OIWOM7
T0CVMT
SRZ3M2
CUBAED
75VMH6
GKLMVM
74V8HT
FO58J1
T5JOFW
HM3UR6
1K2KZZ
6RCIRZ
AFAJX4
UXKV0C
2DRVCT
K21HIL
E645PU
2LC96S
WDQE5D
D0KAO8
WJO6G8
SEXNZ1
PBE0AM
MDR9BC
S7YXP1
PI0507
YP57PI
MVBJCZ
K2GA2V
RRW5P0
WUW1GT
7QBXHQ
8IZ91I
CQHJYG
VYFZK3
RE4R44
X1F9P2
DQE0YJ
0YRCG4
0G42R2
UKTX4G
KXS4XL
I0ANMA
YBG3FA
NZJKTF
QRR3UD
9UJ390
77P2UY
WU3ZRK
P9AFWO
18GE64
CCO57P
MBEFPX
RID2U5
FFJ254
S25BL7
EECTI3
Z8Z2GE
G5FVYO
I1A9KN
RVL51L
6CHYB2
TGK0WT
TJOQL0
62TC0B
6V7URD
6J8D8Q
EX7WKU
FOCDWK
P3SIHR
52CYZO
XAOIF7
FW0F2M
EXQWL2
JUB7FE
QSLHWU
52QJ8T
VVWVL2
KY09Q0
DM3NAU
LMGOVW
YDMRLA
NF43PR
5HMR69
XCBKCU
WLI5X9
LEAMKB
9IQHUM
I5JXN2
ISH5CD
3TIC7R
A2WYN5
NZVDDR
PHFY8S
KQRR1I
GL2HQM
YF3S3W
K37RQC
EKH1SZ
FQPX72
X42K17
F3BIKI
4PM9PY
IJ7Y34
UI7IAB
WI3MG7
9TQ5LO
HR9FK4
H64R06
XHEXMH
XMPG42
8OJLTE
ZH4JWZ
8QGRSO
0N8BAD
VH42ZZ
358FH8
2PE13K
Z7C1RY
977RFO
YB8OE0
L9W4DY
R5B5GR
R1P1FA
OAKKH9
WTHUBT
AA3GLI
BKW9NF
GZPA2P
50RMLG
2HR2D6
C7QMT0
BH5JHL
2NGRX8
MTO35S
0139FS
2RKT5S
GFW2ZB
4E3WHI
20G2RE
4D6UBX
KBTRDU
8X86PU
PEYQ9Z
JFIPHC
WT9FHC
ZEGPBW
0GM09D
MCSP88
UP5NLN
6QTA3U
ZNOAXG
WGQLMQ
M2KL4C
YHYNSO
80U8KY
5ADUX1
XPLZM0
P6KMYH
KYWZ7N
4GUYLW
S52U06
0WGXZ9
9L5AED
48VWJW
6UQ1ZK
71DB6K
8I9D3F
FVKKZK
XYN360
IR5PYM
O5K7HH
65TXXV
60XLRI
AUZSRK
SAFUNF
8KXOTH
IBWGZR
SB9IHO
MAB2WB
OTTBPN
E1JA1M
YLJMI6
WDKOM8
6JL6T4
IHW3M2
4C2WM1
77KZ24
GW4PYF
BXC5ED
UUSK1R
0F8CWZ
D53MT3
X8BGBT
3AIJA3
JCCUG2
WVKC41
01FUWE
IKOYGG
84F947
9243LW
5YNHMI
4WGNXP
I41NZ6
CUS8AY
DTB52I
0G40QY
BI1LF1
AQPHLG
2Y6LU0
Q2YYWV
32TQTC
WJC86G
B0A1WL
M4JRAD
KUOEHI
YAU95H
QDI5NN
PT071D
9VZQ6F
Z8CP0R
1U4IIK
8I8QZD
2MK53R
1II4O1
5KHGBC
C46LR1
BDO7UO
JKL0FM
6YILX5
O7OR68
T0WOJK
7V8SM7
SA2LRK
79NM8W
9I4Q4T
4RCM4K
RVTUOX
SVFSTR
VO6ZUP
K3Y8SF
Y9ZFF4
16YELX
5HTX6B
X192U6
PFXON9
FS7SX2
6B7AUF
FGWP0G
JELOYM
Q9CLCO
CC84OF
G3KBTC
ROD0GH
MX30JB
XGGACZ
UM90XT
OYU03J
ZZZ0GT
WLPIH0
8BFDLM
V0PJCH
NIJVMQ
BAC2AF
JEEPNH
S0BWPT
GJA732
O294S1
9PSYMF
V4RJXI
9VL3T1
0BTWTU
VZZ5X0
0ZWSZ8
LEJMCZ
WH0SON
D30MET
Z6HQ86
B0Q8HD
TSCBBV
QST4AD
G09OD4
1WIEX7
3VW5DX
IWDT1O
MIXR0N
JG0ZNV
QWZALP
XUO6MV
C6X24T
139POA
H6GPEZ
H9X3CD
4QRT8U
7WNY4G
DIM0LG
9CD6NT
CE1YVD
9NDZE0
3ZCP47
C1GCCP
AFJV8Z
Y6ONRQ
C8B97R
29SP4J
YJWJLV
1FDE11
XZIW0R
TDPL7X
Q51CZT
D3PDQG
BERWJQ
9GKWO4
R3NH2K
13U76N
E3JLKC
X2T4P3
U5WGQX
AP1P22
8Y0C7C
1UO67G
C338V4
384PA2
1H0RUO
QA2ILS
A2OHO4
03PX3F
P744X1
NRV5XH
K7B4YU
GY5LZF
2Z41C0
1KHY22
HMRMTM
ZCV2NM
5HQ6Q1
RSJ154
5GA790
095TGF
2SUU9Z
IL1Y5J
F8AXZB
4A1T2F
Q9UMCP
V47PXX
CSDYMY
66KGAG
EAAWYL
4TNA69
SMD87Z
GBUSE0
Y2QSGT
07DBZD
NSWIXS
BVZY8O
